NODES = 200;
LABELS = 792;

domain = [
  { 30, 58, 86, 114, 142, 268, 296, 324, 352, 380, 414, 442, 470, 498, 526, 554, 652, 680, 708, 736, 764, 792 },
  { 30, 58, 86, 114, 142, 268, 296, 324, 352, 380, 414, 442, 470, 498, 526, 554, 652, 680, 708, 736, 764, 792 },
  { 16, 30, 58, 86, 114, 142, 254, 268, 296, 324, 352, 380, 414, 442, 470, 498, 526, 554, 652, 680, 708, 736, 764, 792 },
  { 16, 30, 58, 86, 114, 142, 254, 268, 296, 324, 352, 380, 414, 442, 470, 498, 526, 554, 652, 680, 708, 736, 764, 792 },
  { 16, 30, 44, 58, 72, 86, 100, 114, 128, 142, 156, 254, 268, 282, 296, 310, 324, 338, 352, 366, 380, 394, 414, 428, 442, 456, 470, 484, 498, 512, 526, 540, 554, 652, 666, 680, 694, 708, 722, 736, 750, 764, 778, 792 },
  { 16, 30, 44, 58, 72, 86, 100, 114, 128, 142, 156, 254, 268, 282, 296, 310, 324, 338, 352, 366, 380, 394, 414, 428, 442, 456, 470, 484, 498, 512, 526, 540, 554, 652, 666, 680, 694, 708, 722, 736, 750, 764, 778, 792 },
  { 142, 170, 240, 380, 408, 478 },
  { 142, 170, 240, 380, 408, 478 },
  { 142, 170, 240, 380, 408, 478 },
  { 142, 170, 240, 380, 408, 478 },
  { 16, 30, 44, 58, 72, 86, 100, 114, 128, 142, 156, 254, 268, 282, 296, 310, 324, 338, 352, 366, 380, 394, 414, 428, 442, 456, 470, 484, 498, 512, 526, 540, 554, 652, 666, 680, 694, 708, 722, 736, 750, 764, 778, 792 },
  { 16, 30, 44, 58, 72, 86, 100, 114, 128, 142, 156, 254, 268, 282, 296, 310, 324, 338, 352, 366, 380, 394, 414, 428, 442, 456, 470, 484, 498, 512, 526, 540, 554, 652, 666, 680, 694, 708, 722, 736, 750, 764, 778, 792 },
  { 16, 30, 44, 58, 72, 86, 100, 114, 128, 142, 156, 254, 268, 282, 296, 310, 324, 338, 352, 366, 380, 394, 414, 428, 442, 456, 470, 484, 498, 512, 526, 540, 554, 652, 666, 680, 694, 708, 722, 736, 750, 764, 778, 792 },
  { 16, 30, 44, 58, 72, 86, 100, 114, 128, 142, 156, 254, 268, 282, 296, 310, 324, 338, 352, 366, 380, 394, 414, 428, 442, 456, 470, 484, 498, 512, 526, 540, 554, 652, 666, 680, 694, 708, 722, 736, 750, 764, 778, 792 },
  { 30, 58, 86, 114, 142, 268, 296, 324, 352, 380, 414, 442, 470, 498, 526, 554, 652, 680, 708, 736, 764, 792 },
  { 30, 58, 86, 114, 142, 268, 296, 324, 352, 380, 414, 442, 470, 498, 526, 554, 652, 680, 708, 736, 764, 792 },
  { 16, 30, 58, 86, 114, 142, 254, 268, 296, 324, 352, 380, 414, 442, 470, 498, 526, 554, 652, 680, 708, 736, 764, 792 },
  { 16, 30, 58, 86, 114, 142, 254, 268, 296, 324, 352, 380, 414, 442, 470, 498, 526, 554, 652, 680, 708, 736, 764, 792 },
  { 16, 30, 44, 58, 72, 86, 100, 114, 128, 142, 156, 254, 268, 282, 296, 310, 324, 338, 352, 366, 380, 394 },
  { 16, 30, 44, 58, 72, 86, 100, 114, 128, 142, 156, 254, 268, 282, 296, 310, 324, 338, 352, 366, 380, 394 },
  { 16, 30, 44, 58, 72, 86, 100, 114, 128, 142, 156, 254, 268, 282, 296, 310, 324, 338, 352, 366, 380, 394, 414, 428, 442, 456, 470, 484, 498, 512, 526, 540, 554, 652, 666, 680, 694, 708, 722, 736, 750, 764, 778, 792 },
  { 16, 30, 44, 58, 72, 86, 100, 114, 128, 142, 156, 254, 268, 282, 296, 310, 324, 338, 352, 366, 380, 394, 414, 428, 442, 456, 470, 484, 498, 512, 526, 540, 554, 652, 666, 680, 694, 708, 722, 736, 750, 764, 778, 792 },
  { 142, 170, 240, 380, 408, 478 },
  { 142, 170, 240, 380, 408, 478 },
  { 16, 30, 44, 58, 72, 86, 100, 114, 128, 142, 156, 254, 268, 282, 296, 310, 324, 338, 352, 366, 380, 394, 414, 428, 442, 456, 470, 484, 498, 512, 526, 540, 554, 652, 666, 680, 694, 708, 722, 736, 750, 764, 778, 792 },
  { 16, 30, 44, 58, 72, 86, 100, 114, 128, 142, 156, 254, 268, 282, 296, 310, 324, 338, 352, 366, 380, 394, 414, 428, 442, 456, 470, 484, 498, 512, 526, 540, 554, 652, 666, 680, 694, 708, 722, 736, 750, 764, 778, 792 },
  { 16, 30, 44, 58, 72, 86, 100, 114, 128, 142, 156, 254, 268, 282, 296, 310, 324, 338, 352, 366, 380, 394, 414, 428, 442, 456, 470, 484, 498, 512, 526, 540, 554, 652, 666, 680, 694, 708, 722, 736, 750, 764, 778, 792 },
  { 16, 30, 44, 58, 72, 86, 100, 114, 128, 142, 156, 254, 268, 282, 296, 310, 324, 338, 352, 366, 380, 394, 414, 428, 442, 456, 470, 484, 498, 512, 526, 540, 554, 652, 666, 680, 694, 708, 722, 736, 750, 764, 778, 792 },
  { 16, 30, 44, 58, 72, 86, 100, 114, 128, 142, 156, 254, 268, 282, 296, 310, 324, 338, 352, 366, 380, 394, 414, 428, 442, 456, 470, 484, 498, 512, 526, 540, 554, 652, 666, 680, 694, 708, 722, 736, 750, 764, 778, 792 },
  { 16, 30, 44, 58, 72, 86, 100, 114, 128, 142, 156, 254, 268, 282, 296, 310, 324, 338, 352, 366, 380, 394, 414, 428, 442, 456, 470, 484, 498, 512, 526, 540, 554, 652, 666, 680, 694, 708, 722, 736, 750, 764, 778, 792 },
  { 16, 30, 44, 58, 72, 86, 100, 114, 128, 142, 156, 254, 268, 282, 296, 310, 324, 338, 352, 366, 380, 394, 414, 428, 442, 456, 470, 484, 498, 512, 526, 540, 554, 652, 666, 680, 694, 708, 722, 736, 750, 764, 778, 792 },
  { 16, 30, 44, 58, 72, 86, 100, 114, 128, 142, 156, 254, 268, 282, 296, 310, 324, 338, 352, 366, 380, 394, 414, 428, 442, 456, 470, 484, 498, 512, 526, 540, 554, 652, 666, 680, 694, 708, 722, 736, 750, 764, 778, 792 },
  { 30, 58, 86, 114, 142, 268, 296, 324, 352, 380, 414, 442, 470, 498, 526, 554, 652, 680, 708, 736, 764, 792 },
  { 30, 58, 86, 114, 142, 268, 296, 324, 352, 380, 414, 442, 470, 498, 526, 554, 652, 680, 708, 736, 764, 792 },
  { 16, 30, 44, 58, 72, 86, 100, 114, 128, 142, 156, 254, 268, 282, 296, 310, 324, 338, 352, 366, 380, 394, 414, 428, 442, 456, 470, 484, 498, 512, 526, 540, 554, 652, 666, 680, 694, 708, 722, 736, 750, 764, 778, 792 },
  { 16, 30, 44, 58, 72, 86, 100, 114, 128, 142, 156, 254, 268, 282, 296, 310, 324, 338, 352, 366, 380, 394, 414, 428, 442, 456, 470, 484, 498, 512, 526, 540, 554, 652, 666, 680, 694, 708, 722, 736, 750, 764, 778, 792 },
  { 16, 30, 44, 58, 72, 86, 100, 114, 128, 142, 156, 254, 268, 282, 296, 310, 324, 338, 352, 366, 380, 394, 414, 428, 442, 456, 470, 484, 498, 512, 526, 540, 554, 652, 666, 680, 694, 708, 722, 736, 750, 764, 778, 792 },
  { 16, 30, 44, 58, 72, 86, 100, 114, 128, 142, 156, 254, 268, 282, 296, 310, 324, 338, 352, 366, 380, 394, 414, 428, 442, 456, 470, 484, 498, 512, 526, 540, 554, 652, 666, 680, 694, 708, 722, 736, 750, 764, 778, 792 },
  { 16, 30, 44, 58, 72, 86, 100, 114, 128, 142, 156, 254, 268, 282, 296, 310, 324, 338, 352, 366, 380, 394 },
  { 16, 30, 44, 58, 72, 86, 100, 114, 128, 142, 156, 254, 268, 282, 296, 310, 324, 338, 352, 366, 380, 394 },
  { 30, 44, 58, 72, 86, 100, 114, 128, 142, 156, 268, 282, 296, 310, 324, 338, 352, 366, 380, 394, 414, 428, 442, 456, 470, 484, 498, 512, 526, 540, 554, 652, 666, 680, 694, 708, 722, 736, 750, 764, 778, 792 },
  { 30, 44, 58, 72, 86, 100, 114, 128, 142, 156, 268, 282, 296, 310, 324, 338, 352, 366, 380, 394, 414, 428, 442, 456, 470, 484, 498, 512, 526, 540, 554, 652, 666, 680, 694, 708, 722, 736, 750, 764, 778, 792 },
  { 30, 44, 58, 72, 86, 100, 114, 128, 142, 268, 282, 296, 310, 324, 338, 352, 366, 380, 428, 442, 456, 470, 484, 498, 512, 526, 540, 666, 680, 694, 708, 722, 736, 750, 764, 778 },
  { 30, 44, 58, 72, 86, 100, 114, 128, 142, 268, 282, 296, 310, 324, 338, 352, 366, 380, 428, 442, 456, 470, 484, 498, 512, 526, 540, 666, 680, 694, 708, 722, 736, 750, 764, 778 },
  { 16, 30, 44, 58, 72, 86, 100, 114, 128, 142, 156, 254, 268, 282, 296, 310, 324, 338, 352, 366, 380, 394 },
  { 16, 30, 44, 58, 72, 86, 100, 114, 128, 142, 156, 254, 268, 282, 296, 310, 324, 338, 352, 366, 380, 394 },
  { 16, 30, 44, 58, 72, 86, 100, 114, 128, 142, 156, 254, 268, 282, 296, 310, 324, 338, 352, 366, 380, 394, 414, 428, 442, 456, 470, 484, 498, 512, 526, 540, 554, 652, 666, 680, 694, 708, 722, 736, 750, 764, 778, 792 },
  { 16, 30, 44, 58, 72, 86, 100, 114, 128, 142, 156, 254, 268, 282, 296, 310, 324, 338, 352, 366, 380, 394, 414, 428, 442, 456, 470, 484, 498, 512, 526, 540, 554, 652, 666, 680, 694, 708, 722, 736, 750, 764, 778, 792 },
  { 30, 44, 58, 72, 86, 100, 114, 128, 142, 268, 282, 296, 310, 324, 338, 352, 366, 380, 428, 442, 456, 470, 484, 498, 512, 526, 540, 666, 680, 694, 708, 722, 736, 750, 764, 778 },
  { 30, 44, 58, 72, 86, 100, 114, 128, 142, 268, 282, 296, 310, 324, 338, 352, 366, 380, 428, 442, 456, 470, 484, 498, 512, 526, 540, 666, 680, 694, 708, 722, 736, 750, 764, 778 },
  { 16, 30, 44, 58, 72, 86, 100, 114, 128, 142, 156, 254, 268, 282, 296, 310, 324, 338, 352, 366, 380, 394 },
  { 16, 30, 44, 58, 72, 86, 100, 114, 128, 142, 156, 254, 268, 282, 296, 310, 324, 338, 352, 366, 380, 394 },
  { 30, 44, 58, 72, 86, 100, 114, 128, 142, 156, 268, 282, 296, 310, 324, 338, 352, 366, 380, 394, 414, 428, 442, 456, 470, 484, 498, 512, 526, 540, 554, 652, 666, 680, 694, 708, 722, 736, 750, 764, 778, 792 },
  { 30, 44, 58, 72, 86, 100, 114, 128, 142, 156, 268, 282, 296, 310, 324, 338, 352, 366, 380, 394, 414, 428, 442, 456, 470, 484, 498, 512, 526, 540, 554, 652, 666, 680, 694, 708, 722, 736, 750, 764, 778, 792 },
  { 30, 58, 86, 114, 142, 268, 296, 324, 352, 380, 414, 442, 470, 498, 526, 554, 652, 680, 708, 736, 764, 792 },
  { 30, 58, 86, 114, 142, 268, 296, 324, 352, 380, 414, 442, 470, 498, 526, 554, 652, 680, 708, 736, 764, 792 },
  { 16, 30, 58, 86, 114, 142, 254, 268, 296, 324, 352, 380, 414, 442, 470, 498, 526, 554, 652, 680, 708, 736, 764, 792 },
  { 16, 30, 58, 86, 114, 142, 254, 268, 296, 324, 352, 380, 414, 442, 470, 498, 526, 554, 652, 680, 708, 736, 764, 792 },
  { 16, 30, 44, 58, 72, 86, 100, 114, 128, 142, 156, 254, 268, 282, 296, 310, 324, 338, 352, 366, 380, 394, 414, 428, 442, 456, 470, 484, 498, 512, 526, 540, 554, 652, 666, 680, 694, 708, 722, 736, 750, 764, 778, 792 },
  { 16, 30, 44, 58, 72, 86, 100, 114, 128, 142, 156, 254, 268, 282, 296, 310, 324, 338, 352, 366, 380, 394, 414, 428, 442, 456, 470, 484, 498, 512, 526, 540, 554, 652, 666, 680, 694, 708, 722, 736, 750, 764, 778, 792 },
  { 16, 30, 44, 58, 72, 86, 100, 114, 128, 142, 156, 254, 268, 282, 296, 310, 324, 338, 352, 366, 380, 394, 414, 428, 442, 456, 470, 484, 498, 512, 526, 540, 554, 652, 666, 680, 694, 708, 722, 736, 750, 764, 778, 792 },
  { 16, 30, 44, 58, 72, 86, 100, 114, 128, 142, 156, 254, 268, 282, 296, 310, 324, 338, 352, 366, 380, 394, 414, 428, 442, 456, 470, 484, 498, 512, 526, 540, 554, 652, 666, 680, 694, 708, 722, 736, 750, 764, 778, 792 },
  { 16, 30, 58, 86, 114, 142, 254, 268, 296, 324, 352, 380, 414, 442, 470, 498, 526, 554, 652, 680, 708, 736, 764, 792 },
  { 16, 30, 58, 86, 114, 142, 254, 268, 296, 324, 352, 380, 414, 442, 470, 498, 526, 554, 652, 680, 708, 736, 764, 792 },
  { 16, 30, 44, 58, 72, 86, 100, 114, 128, 142, 156, 254, 268, 282, 296, 310, 324, 338, 352, 366, 380, 394, 414, 428, 442, 456, 470, 484, 498, 512, 526, 540, 554, 652, 666, 680, 694, 708, 722, 736, 750, 764, 778, 792 },
  { 16, 30, 44, 58, 72, 86, 100, 114, 128, 142, 156, 254, 268, 282, 296, 310, 324, 338, 352, 366, 380, 394, 414, 428, 442, 456, 470, 484, 498, 512, 526, 540, 554, 652, 666, 680, 694, 708, 722, 736, 750, 764, 778, 792 },
  { 30, 44, 58, 72, 86, 100, 114, 128, 142, 268, 282, 296, 310, 324, 338, 352, 366, 380, 428, 442, 456, 470, 484, 498, 512, 526, 540, 666, 680, 694, 708, 722, 736, 750, 764, 778 },
  { 30, 44, 58, 72, 86, 100, 114, 128, 142, 268, 282, 296, 310, 324, 338, 352, 366, 380, 428, 442, 456, 470, 484, 498, 512, 526, 540, 666, 680, 694, 708, 722, 736, 750, 764, 778 },
  { 16, 30, 44, 58, 72, 86, 100, 114, 128, 142, 156, 254, 268, 282, 296, 310, 324, 338, 352, 366, 380, 394, 414, 428, 442, 456, 470, 484, 498, 512, 526, 540, 554, 652, 666, 680, 694, 708, 722, 736, 750, 764, 778, 792 },
  { 16, 30, 44, 58, 72, 86, 100, 114, 128, 142, 156, 254, 268, 282, 296, 310, 324, 338, 352, 366, 380, 394, 414, 428, 442, 456, 470, 484, 498, 512, 526, 540, 554, 652, 666, 680, 694, 708, 722, 736, 750, 764, 778, 792 },
  { 30, 58, 86, 114, 142, 268, 296, 324, 352, 380, 414, 442, 470, 498, 526, 554, 652, 680, 708, 736, 764, 792 },
  { 30, 58, 86, 114, 142, 268, 296, 324, 352, 380, 414, 442, 470, 498, 526, 554, 652, 680, 708, 736, 764, 792 },
  { 142, 170, 240, 380, 408, 478 },
  { 142, 170, 240, 380, 408, 478 },
  { 30, 44, 58, 72, 86, 100, 114, 128, 142, 268, 282, 296, 310, 324, 338, 352, 366, 380, 428, 442, 456, 470, 484, 498, 512, 526, 540, 666, 680, 694, 708, 722, 736, 750, 764, 778 },
  { 30, 44, 58, 72, 86, 100, 114, 128, 142, 268, 282, 296, 310, 324, 338, 352, 366, 380, 428, 442, 456, 470, 484, 498, 512, 526, 540, 666, 680, 694, 708, 722, 736, 750, 764, 778 },
  { 30, 44, 58, 72, 86, 100, 114, 128, 142, 156, 268, 282, 296, 310, 324, 338, 352, 366, 380, 394, 414, 428, 442, 456, 470, 484, 498, 512, 526, 540, 554, 652, 666, 680, 694, 708, 722, 736, 750, 764, 778, 792 },
  { 30, 44, 58, 72, 86, 100, 114, 128, 142, 156, 268, 282, 296, 310, 324, 338, 352, 366, 380, 394, 414, 428, 442, 456, 470, 484, 498, 512, 526, 540, 554, 652, 666, 680, 694, 708, 722, 736, 750, 764, 778, 792 },
  { 16, 30, 44, 58, 72, 86, 100, 114, 128, 142, 156, 254, 268, 282, 296, 310, 324, 338, 352, 366, 380, 394, 414, 428, 442, 456, 470, 484, 498, 512, 526, 540, 554, 652, 666, 680, 694, 708, 722, 736, 750, 764, 778, 792 },
  { 16, 30, 44, 58, 72, 86, 100, 114, 128, 142, 156, 254, 268, 282, 296, 310, 324, 338, 352, 366, 380, 394, 414, 428, 442, 456, 470, 484, 498, 512, 526, 540, 554, 652, 666, 680, 694, 708, 722, 736, 750, 764, 778, 792 },
  { 16, 30, 44, 58, 72, 86, 100, 114, 128, 142, 156, 254, 268, 282, 296, 310, 324, 338, 352, 366, 380, 394 },
  { 16, 30, 44, 58, 72, 86, 100, 114, 128, 142, 156, 254, 268, 282, 296, 310, 324, 338, 352, 366, 380, 394 },
  { 30, 44, 58, 72, 86, 100, 114, 128, 142, 156, 268, 282, 296, 310, 324, 338, 352, 366, 380, 394, 414, 428, 442, 456, 470, 484, 498, 512, 526, 540, 554, 652, 666, 680, 694, 708, 722, 736, 750, 764, 778, 792 },
  { 30, 44, 58, 72, 86, 100, 114, 128, 142, 156, 268, 282, 296, 310, 324, 338, 352, 366, 380, 394, 414, 428, 442, 456, 470, 484, 498, 512, 526, 540, 554, 652, 666, 680, 694, 708, 722, 736, 750, 764, 778, 792 },
  { 30, 44, 58, 72, 86, 100, 114, 128, 142, 156, 268, 282, 296, 310, 324, 338, 352, 366, 380, 394, 414, 428, 442, 456, 470, 484, 498, 512, 526, 540, 554, 652, 666, 680, 694, 708, 722, 736, 750, 764, 778, 792 },
  { 30, 44, 58, 72, 86, 100, 114, 128, 142, 156, 268, 282, 296, 310, 324, 338, 352, 366, 380, 394, 414, 428, 442, 456, 470, 484, 498, 512, 526, 540, 554, 652, 666, 680, 694, 708, 722, 736, 750, 764, 778, 792 },
  { 16, 30, 58, 86, 114, 142, 254, 268, 296, 324, 352, 380, 414, 442, 470, 498, 526, 554, 652, 680, 708, 736, 764, 792 },
  { 16, 30, 58, 86, 114, 142, 254, 268, 296, 324, 352, 380, 414, 442, 470, 498, 526, 554, 652, 680, 708, 736, 764, 792 },
  { 16, 30, 44, 58, 72, 86, 100, 114, 128, 142, 156, 254, 268, 282, 296, 310, 324, 338, 352, 366, 380, 394, 414, 428, 442, 456, 470, 484, 498, 512, 526, 540, 554, 652, 666, 680, 694, 708, 722, 736, 750, 764, 778, 792 },
  { 16, 30, 44, 58, 72, 86, 100, 114, 128, 142, 156, 254, 268, 282, 296, 310, 324, 338, 352, 366, 380, 394, 414, 428, 442, 456, 470, 484, 498, 512, 526, 540, 554, 652, 666, 680, 694, 708, 722, 736, 750, 764, 778, 792 },
  { 16, 30, 44, 58, 72, 86, 100, 114, 128, 142, 156, 254, 268, 282, 296, 310, 324, 338, 352, 366, 380, 394, 414, 428, 442, 456, 470, 484, 498, 512, 526, 540, 554, 652, 666, 680, 694, 708, 722, 736, 750, 764, 778, 792 },
  { 16, 30, 44, 58, 72, 86, 100, 114, 128, 142, 156, 254, 268, 282, 296, 310, 324, 338, 352, 366, 380, 394, 414, 428, 442, 456, 470, 484, 498, 512, 526, 540, 554, 652, 666, 680, 694, 708, 722, 736, 750, 764, 778, 792 },
  { 16, 30, 44, 58, 72, 86, 100, 114, 128, 142, 156, 254, 268, 282, 296, 310, 324, 338, 352, 366, 380, 394, 414, 428, 442, 456, 470, 484, 498, 512, 526, 540, 554, 652, 666, 680, 694, 708, 722, 736, 750, 764, 778, 792 },
  { 16, 30, 44, 58, 72, 86, 100, 114, 128, 142, 156, 254, 268, 282, 296, 310, 324, 338, 352, 366, 380, 394, 414, 428, 442, 456, 470, 484, 498, 512, 526, 540, 554, 652, 666, 680, 694, 708, 722, 736, 750, 764, 778, 792 },
  { 16, 30, 44, 58, 72, 86, 100, 114, 128, 142, 156, 254, 268, 282, 296, 310, 324, 338, 352, 366, 380, 394, 414, 428, 442, 456, 470, 484, 498, 512, 526, 540, 554, 652, 666, 680, 694, 708, 722, 736, 750, 764, 778, 792 },
  { 16, 30, 44, 58, 72, 86, 100, 114, 128, 142, 156, 254, 268, 282, 296, 310, 324, 338, 352, 366, 380, 394, 414, 428, 442, 456, 470, 484, 498, 512, 526, 540, 554, 652, 666, 680, 694, 708, 722, 736, 750, 764, 778, 792 },
  { 142, 170, 240, 380, 408, 478 },
  { 142, 170, 240, 380, 408, 478 },
  { 30, 58, 86, 114, 142, 268, 296, 324, 352, 380, 414, 442, 470, 498, 526, 554, 652, 680, 708, 736, 764, 792 },
  { 30, 58, 86, 114, 142, 268, 296, 324, 352, 380, 414, 442, 470, 498, 526, 554, 652, 680, 708, 736, 764, 792 },
  { 16, 30, 44, 58, 72, 86, 100, 114, 128, 142, 156, 254, 268, 282, 296, 310, 324, 338, 352, 366, 380, 394, 414, 428, 442, 456, 470, 484, 498, 512, 526, 540, 554, 652, 666, 680, 694, 708, 722, 736, 750, 764, 778, 792 },
  { 16, 30, 44, 58, 72, 86, 100, 114, 128, 142, 156, 254, 268, 282, 296, 310, 324, 338, 352, 366, 380, 394, 414, 428, 442, 456, 470, 484, 498, 512, 526, 540, 554, 652, 666, 680, 694, 708, 722, 736, 750, 764, 778, 792 },
  { 16, 30, 44, 58, 72, 86, 100, 114, 128, 142, 156, 254, 268, 282, 296, 310, 324, 338, 352, 366, 380, 394, 414, 428, 442, 456, 470, 484, 498, 512, 526, 540, 554, 652, 666, 680, 694, 708, 722, 736, 750, 764, 778, 792 },
  { 16, 30, 44, 58, 72, 86, 100, 114, 128, 142, 156, 254, 268, 282, 296, 310, 324, 338, 352, 366, 380, 394, 414, 428, 442, 456, 470, 484, 498, 512, 526, 540, 554, 652, 666, 680, 694, 708, 722, 736, 750, 764, 778, 792 },
  { 30, 44, 58, 72, 86, 100, 114, 128, 142, 268, 282, 296, 310, 324, 338, 352, 366, 380, 428, 442, 456, 470, 484, 498, 512, 526, 540, 666, 680, 694, 708, 722, 736, 750, 764, 778 },
  { 30, 44, 58, 72, 86, 100, 114, 128, 142, 268, 282, 296, 310, 324, 338, 352, 366, 380, 428, 442, 456, 470, 484, 498, 512, 526, 540, 666, 680, 694, 708, 722, 736, 750, 764, 778 },
  { 30, 44, 58, 72, 86, 100, 114, 128, 142, 156, 268, 282, 296, 310, 324, 338, 352, 366, 380, 394, 414, 428, 442, 456, 470, 484, 498, 512, 526, 540, 554, 652, 666, 680, 694, 708, 722, 736, 750, 764, 778, 792 },
  { 30, 44, 58, 72, 86, 100, 114, 128, 142, 156, 268, 282, 296, 310, 324, 338, 352, 366, 380, 394, 414, 428, 442, 456, 470, 484, 498, 512, 526, 540, 554, 652, 666, 680, 694, 708, 722, 736, 750, 764, 778, 792 },
  { 16, 30, 44, 58, 72, 86, 100, 114, 128, 142, 156, 254, 268, 282, 296, 310, 324, 338, 352, 366, 380, 394, 414, 428, 442, 456, 470, 484, 498, 512, 526, 540, 554, 652, 666, 680, 694, 708, 722, 736, 750, 764, 778, 792 },
  { 16, 30, 44, 58, 72, 86, 100, 114, 128, 142, 156, 254, 268, 282, 296, 310, 324, 338, 352, 366, 380, 394, 414, 428, 442, 456, 470, 484, 498, 512, 526, 540, 554, 652, 666, 680, 694, 708, 722, 736, 750, 764, 778, 792 },
  { 16, 30, 44, 58, 72, 86, 100, 114, 128, 142, 156, 254, 268, 282, 296, 310, 324, 338, 352, 366, 380, 394, 414, 428, 442, 456, 470, 484, 498, 512, 526, 540, 554, 652, 666, 680, 694, 708, 722, 736, 750, 764, 778, 792 },
  { 16, 30, 44, 58, 72, 86, 100, 114, 128, 142, 156, 254, 268, 282, 296, 310, 324, 338, 352, 366, 380, 394, 414, 428, 442, 456, 470, 484, 498, 512, 526, 540, 554, 652, 666, 680, 694, 708, 722, 736, 750, 764, 778, 792 },
  { 30, 44, 58, 72, 86, 100, 114, 128, 142, 156, 268, 282, 296, 310, 324, 338, 352, 366, 380, 394, 414, 428, 442, 456, 470, 484, 498, 512, 526, 540, 554, 652, 666, 680, 694, 708, 722, 736, 750, 764, 778, 792 },
  { 30, 44, 58, 72, 86, 100, 114, 128, 142, 156, 268, 282, 296, 310, 324, 338, 352, 366, 380, 394, 414, 428, 442, 456, 470, 484, 498, 512, 526, 540, 554, 652, 666, 680, 694, 708, 722, 736, 750, 764, 778, 792 },
  { 16, 30, 44, 58, 72, 86, 100, 114, 128, 142, 156, 254, 268, 282, 296, 310, 324, 338, 352, 366, 380, 394, 414, 428, 442, 456, 470, 484, 498, 512, 526, 540, 554, 652, 666, 680, 694, 708, 722, 736, 750, 764, 778, 792 },
  { 16, 30, 44, 58, 72, 86, 100, 114, 128, 142, 156, 254, 268, 282, 296, 310, 324, 338, 352, 366, 380, 394, 414, 428, 442, 456, 470, 484, 498, 512, 526, 540, 554, 652, 666, 680, 694, 708, 722, 736, 750, 764, 778, 792 },
  { 16, 30, 44, 58, 72, 86, 100, 114, 128, 142, 156, 254, 268, 282, 296, 310, 324, 338, 352, 366, 380, 394 },
  { 16, 30, 44, 58, 72, 86, 100, 114, 128, 142, 156, 254, 268, 282, 296, 310, 324, 338, 352, 366, 380, 394 },
  { 16, 30, 44, 58, 72, 86, 100, 114, 128, 142, 156, 254, 268, 282, 296, 310, 324, 338, 352, 366, 380, 394, 414, 428, 442, 456, 470, 484, 498, 512, 526, 540, 554, 652, 666, 680, 694, 708, 722, 736, 750, 764, 778, 792 },
  { 16, 30, 44, 58, 72, 86, 100, 114, 128, 142, 156, 254, 268, 282, 296, 310, 324, 338, 352, 366, 380, 394, 414, 428, 442, 456, 470, 484, 498, 512, 526, 540, 554, 652, 666, 680, 694, 708, 722, 736, 750, 764, 778, 792 },
  { 142, 170, 240, 380, 408, 478 },
  { 142, 170, 240, 380, 408, 478 },
  { 142, 170, 240, 380, 408, 478 },
  { 142, 170, 240, 380, 408, 478 },
  { 16, 30, 58, 86, 114, 142, 254, 268, 296, 324, 352, 380, 414, 442, 470, 498, 526, 554, 652, 680, 708, 736, 764, 792 },
  { 16, 30, 58, 86, 114, 142, 254, 268, 296, 324, 352, 380, 414, 442, 470, 498, 526, 554, 652, 680, 708, 736, 764, 792 },
  { 30, 44, 58, 72, 86, 100, 114, 128, 142, 268, 282, 296, 310, 324, 338, 352, 366, 380, 428, 442, 456, 470, 484, 498, 512, 526, 540, 666, 680, 694, 708, 722, 736, 750, 764, 778 },
  { 30, 44, 58, 72, 86, 100, 114, 128, 142, 268, 282, 296, 310, 324, 338, 352, 366, 380, 428, 442, 456, 470, 484, 498, 512, 526, 540, 666, 680, 694, 708, 722, 736, 750, 764, 778 },
  { 30, 44, 58, 72, 86, 100, 114, 128, 142, 268, 282, 296, 310, 324, 338, 352, 366, 380, 428, 442, 456, 470, 484, 498, 512, 526, 540, 666, 680, 694, 708, 722, 736, 750, 764, 778 },
  { 30, 44, 58, 72, 86, 100, 114, 128, 142, 268, 282, 296, 310, 324, 338, 352, 366, 380, 428, 442, 456, 470, 484, 498, 512, 526, 540, 666, 680, 694, 708, 722, 736, 750, 764, 778 },
  { 30, 44, 58, 72, 86, 100, 114, 128, 142, 268, 282, 296, 310, 324, 338, 352, 366, 380, 428, 442, 456, 470, 484, 498, 512, 526, 540, 666, 680, 694, 708, 722, 736, 750, 764, 778 },
  { 30, 44, 58, 72, 86, 100, 114, 128, 142, 268, 282, 296, 310, 324, 338, 352, 366, 380, 428, 442, 456, 470, 484, 498, 512, 526, 540, 666, 680, 694, 708, 722, 736, 750, 764, 778 },
  { 30, 44, 58, 72, 86, 100, 114, 128, 142, 268, 282, 296, 310, 324, 338, 352, 366, 380, 428, 442, 456, 470, 484, 498, 512, 526, 540, 666, 680, 694, 708, 722, 736, 750, 764, 778 },
  { 30, 44, 58, 72, 86, 100, 114, 128, 142, 268, 282, 296, 310, 324, 338, 352, 366, 380, 428, 442, 456, 470, 484, 498, 512, 526, 540, 666, 680, 694, 708, 722, 736, 750, 764, 778 },
  { 142, 170, 240, 380, 408, 478 },
  { 142, 170, 240, 380, 408, 478 },
  { 30, 44, 58, 72, 86, 100, 114, 128, 142, 156, 268, 282, 296, 310, 324, 338, 352, 366, 380, 394, 414, 428, 442, 456, 470, 484, 498, 512, 526, 540, 554, 652, 666, 680, 694, 708, 722, 736, 750, 764, 778, 792 },
  { 30, 44, 58, 72, 86, 100, 114, 128, 142, 156, 268, 282, 296, 310, 324, 338, 352, 366, 380, 394, 414, 428, 442, 456, 470, 484, 498, 512, 526, 540, 554, 652, 666, 680, 694, 708, 722, 736, 750, 764, 778, 792 },
  { 16, 30, 44, 58, 72, 86, 100, 114, 128, 142, 156, 254, 268, 282, 296, 310, 324, 338, 352, 366, 380, 394, 414, 428, 442, 456, 470, 484, 498, 512, 526, 540, 554, 652, 666, 680, 694, 708, 722, 736, 750, 764, 778, 792 },
  { 16, 30, 44, 58, 72, 86, 100, 114, 128, 142, 156, 254, 268, 282, 296, 310, 324, 338, 352, 366, 380, 394, 414, 428, 442, 456, 470, 484, 498, 512, 526, 540, 554, 652, 666, 680, 694, 708, 722, 736, 750, 764, 778, 792 },
  { 30, 58, 86, 114, 142, 268, 296, 324, 352, 380, 414, 442, 470, 498, 526, 554, 652, 680, 708, 736, 764, 792 },
  { 30, 58, 86, 114, 142, 268, 296, 324, 352, 380, 414, 442, 470, 498, 526, 554, 652, 680, 708, 736, 764, 792 },
  { 16, 30, 44, 58, 72, 86, 100, 114, 128, 142, 156, 254, 268, 282, 296, 310, 324, 338, 352, 366, 380, 394, 414, 428, 442, 456, 470, 484, 498, 512, 526, 540, 554, 652, 666, 680, 694, 708, 722, 736, 750, 764, 778, 792 },
  { 16, 30, 44, 58, 72, 86, 100, 114, 128, 142, 156, 254, 268, 282, 296, 310, 324, 338, 352, 366, 380, 394, 414, 428, 442, 456, 470, 484, 498, 512, 526, 540, 554, 652, 666, 680, 694, 708, 722, 736, 750, 764, 778, 792 },
  { 30, 44, 58, 72, 86, 100, 114, 128, 142, 156, 268, 282, 296, 310, 324, 338, 352, 366, 380, 394, 414, 428, 442, 456, 470, 484, 498, 512, 526, 540, 554, 652, 666, 680, 694, 708, 722, 736, 750, 764, 778, 792 },
  { 30, 44, 58, 72, 86, 100, 114, 128, 142, 156, 268, 282, 296, 310, 324, 338, 352, 366, 380, 394, 414, 428, 442, 456, 470, 484, 498, 512, 526, 540, 554, 652, 666, 680, 694, 708, 722, 736, 750, 764, 778, 792 },
  { 16, 30, 44, 58, 72, 86, 100, 114, 128, 142, 156, 254, 268, 282, 296, 310, 324, 338, 352, 366, 380, 394, 414, 428, 442, 456, 470, 484, 498, 512, 526, 540, 554, 652, 666, 680, 694, 708, 722, 736, 750, 764, 778, 792 },
  { 16, 30, 44, 58, 72, 86, 100, 114, 128, 142, 156, 254, 268, 282, 296, 310, 324, 338, 352, 366, 380, 394, 414, 428, 442, 456, 470, 484, 498, 512, 526, 540, 554, 652, 666, 680, 694, 708, 722, 736, 750, 764, 778, 792 },
  { 16, 30, 44, 58, 72, 86, 100, 114, 128, 142, 156, 254, 268, 282, 296, 310, 324, 338, 352, 366, 380, 394, 414, 428, 442, 456, 470, 484, 498, 512, 526, 540, 554, 652, 666, 680, 694, 708, 722, 736, 750, 764, 778, 792 },
  { 16, 30, 44, 58, 72, 86, 100, 114, 128, 142, 156, 254, 268, 282, 296, 310, 324, 338, 352, 366, 380, 394, 414, 428, 442, 456, 470, 484, 498, 512, 526, 540, 554, 652, 666, 680, 694, 708, 722, 736, 750, 764, 778, 792 },
  { 30, 44, 58, 72, 86, 100, 114, 128, 142, 156, 268, 282, 296, 310, 324, 338, 352, 366, 380, 394, 414, 428, 442, 456, 470, 484, 498, 512, 526, 540, 554, 652, 666, 680, 694, 708, 722, 736, 750, 764, 778, 792 },
  { 30, 44, 58, 72, 86, 100, 114, 128, 142, 156, 268, 282, 296, 310, 324, 338, 352, 366, 380, 394, 414, 428, 442, 456, 470, 484, 498, 512, 526, 540, 554, 652, 666, 680, 694, 708, 722, 736, 750, 764, 778, 792 },
  { 16, 30, 44, 58, 72, 86, 100, 114, 128, 142, 156, 254, 268, 282, 296, 310, 324, 338, 352, 366, 380, 394, 414, 428, 442, 456, 470, 484, 498, 512, 526, 540, 554, 652, 666, 680, 694, 708, 722, 736, 750, 764, 778, 792 },
  { 16, 30, 44, 58, 72, 86, 100, 114, 128, 142, 156, 254, 268, 282, 296, 310, 324, 338, 352, 366, 380, 394, 414, 428, 442, 456, 470, 484, 498, 512, 526, 540, 554, 652, 666, 680, 694, 708, 722, 736, 750, 764, 778, 792 },
  { 30, 44, 58, 72, 86, 100, 114, 128, 142, 156, 268, 282, 296, 310, 324, 338, 352, 366, 380, 394, 414, 428, 442, 456, 470, 484, 498, 512, 526, 540, 554, 652, 666, 680, 694, 708, 722, 736, 750, 764, 778, 792 },
  { 30, 44, 58, 72, 86, 100, 114, 128, 142, 156, 268, 282, 296, 310, 324, 338, 352, 366, 380, 394, 414, 428, 442, 456, 470, 484, 498, 512, 526, 540, 554, 652, 666, 680, 694, 708, 722, 736, 750, 764, 778, 792 },
  { 30, 44, 58, 72, 86, 100, 114, 128, 142, 156, 268, 282, 296, 310, 324, 338, 352, 366, 380, 394, 414, 428, 442, 456, 470, 484, 498, 512, 526, 540, 554, 652, 666, 680, 694, 708, 722, 736, 750, 764, 778, 792 },
  { 30, 44, 58, 72, 86, 100, 114, 128, 142, 156, 268, 282, 296, 310, 324, 338, 352, 366, 380, 394, 414, 428, 442, 456, 470, 484, 498, 512, 526, 540, 554, 652, 666, 680, 694, 708, 722, 736, 750, 764, 778, 792 },
  { 16, 30, 44, 58, 72, 86, 100, 114, 128, 142, 156, 254, 268, 282, 296, 310, 324, 338, 352, 366, 380, 394, 414, 428, 442, 456, 470, 484, 498, 512, 526, 540, 554, 652, 666, 680, 694, 708, 722, 736, 750, 764, 778, 792 },
  { 16, 30, 44, 58, 72, 86, 100, 114, 128, 142, 156, 254, 268, 282, 296, 310, 324, 338, 352, 366, 380, 394, 414, 428, 442, 456, 470, 484, 498, 512, 526, 540, 554, 652, 666, 680, 694, 708, 722, 736, 750, 764, 778, 792 },
  { 30, 44, 58, 72, 86, 100, 114, 128, 142, 156, 268, 282, 296, 310, 324, 338, 352, 366, 380, 394, 414, 428, 442, 456, 470, 484, 498, 512, 526, 540, 554, 652, 666, 680, 694, 708, 722, 736, 750, 764, 778, 792 },
  { 30, 44, 58, 72, 86, 100, 114, 128, 142, 156, 268, 282, 296, 310, 324, 338, 352, 366, 380, 394, 414, 428, 442, 456, 470, 484, 498, 512, 526, 540, 554, 652, 666, 680, 694, 708, 722, 736, 750, 764, 778, 792 },
  { 30, 44, 58, 72, 86, 100, 114, 128, 142, 156, 268, 282, 296, 310, 324, 338, 352, 366, 380, 394, 414, 428, 442, 456, 470, 484, 498, 512, 526, 540, 554, 652, 666, 680, 694, 708, 722, 736, 750, 764, 778, 792 },
  { 30, 44, 58, 72, 86, 100, 114, 128, 142, 156, 268, 282, 296, 310, 324, 338, 352, 366, 380, 394, 414, 428, 442, 456, 470, 484, 498, 512, 526, 540, 554, 652, 666, 680, 694, 708, 722, 736, 750, 764, 778, 792 },
  { 30, 44, 58, 72, 86, 100, 114, 128, 142, 156, 268, 282, 296, 310, 324, 338, 352, 366, 380, 394, 414, 428, 442, 456, 470, 484, 498, 512, 526, 540, 554, 652, 666, 680, 694, 708, 722, 736, 750, 764, 778, 792 },
  { 30, 44, 58, 72, 86, 100, 114, 128, 142, 156, 268, 282, 296, 310, 324, 338, 352, 366, 380, 394, 414, 428, 442, 456, 470, 484, 498, 512, 526, 540, 554, 652, 666, 680, 694, 708, 722, 736, 750, 764, 778, 792 },
  { 30, 44, 58, 72, 86, 100, 114, 128, 142, 268, 282, 296, 310, 324, 338, 352, 366, 380, 428, 442, 456, 470, 484, 498, 512, 526, 540, 666, 680, 694, 708, 722, 736, 750, 764, 778 },
  { 30, 44, 58, 72, 86, 100, 114, 128, 142, 268, 282, 296, 310, 324, 338, 352, 366, 380, 428, 442, 456, 470, 484, 498, 512, 526, 540, 666, 680, 694, 708, 722, 736, 750, 764, 778 },
  { 16, 30, 44, 58, 72, 86, 100, 114, 128, 142, 156, 254, 268, 282, 296, 310, 324, 338, 352, 366, 380, 394 },
  { 16, 30, 44, 58, 72, 86, 100, 114, 128, 142, 156, 254, 268, 282, 296, 310, 324, 338, 352, 366, 380, 394 },
  { 30, 44, 58, 72, 86, 100, 114, 128, 142, 156, 268, 282, 296, 310, 324, 338, 352, 366, 380, 394, 414, 428, 442, 456, 470, 484, 498, 512, 526, 540, 554, 652, 666, 680, 694, 708, 722, 736, 750, 764, 778, 792 },
  { 30, 44, 58, 72, 86, 100, 114, 128, 142, 156, 268, 282, 296, 310, 324, 338, 352, 366, 380, 394, 414, 428, 442, 456, 470, 484, 498, 512, 526, 540, 554, 652, 666, 680, 694, 708, 722, 736, 750, 764, 778, 792 },
  { 16, 30, 44, 58, 72, 86, 100, 114, 128, 142, 156, 254, 268, 282, 296, 310, 324, 338, 352, 366, 380, 394, 414, 428, 442, 456, 470, 484, 498, 512, 526, 540, 554, 652, 666, 680, 694, 708, 722, 736, 750, 764, 778, 792 },
  { 16, 30, 44, 58, 72, 86, 100, 114, 128, 142, 156, 254, 268, 282, 296, 310, 324, 338, 352, 366, 380, 394, 414, 428, 442, 456, 470, 484, 498, 512, 526, 540, 554, 652, 666, 680, 694, 708, 722, 736, 750, 764, 778, 792 },
  { 16, 30, 58, 86, 114, 142, 254, 268, 296, 324, 352, 380, 414, 442, 470, 498, 526, 554, 652, 680, 708, 736, 764, 792 },
  { 16, 30, 58, 86, 114, 142, 254, 268, 296, 324, 352, 380, 414, 442, 470, 498, 526, 554, 652, 680, 708, 736, 764, 792 },
  { 16, 30, 44, 58, 72, 86, 100, 114, 128, 142, 156, 254, 268, 282, 296, 310, 324, 338, 352, 366, 380, 394, 414, 428, 442, 456, 470, 484, 498, 512, 526, 540, 554, 652, 666, 680, 694, 708, 722, 736, 750, 764, 778, 792 },
  { 16, 30, 44, 58, 72, 86, 100, 114, 128, 142, 156, 254, 268, 282, 296, 310, 324, 338, 352, 366, 380, 394, 414, 428, 442, 456, 470, 484, 498, 512, 526, 540, 554, 652, 666, 680, 694, 708, 722, 736, 750, 764, 778, 792 },
  { 30, 44, 58, 72, 86, 100, 114, 128, 142, 156, 268, 282, 296, 310, 324, 338, 352, 366, 380, 394, 414, 428, 442, 456, 470, 484, 498, 512, 526, 540, 554, 652, 666, 680, 694, 708, 722, 736, 750, 764, 778, 792 },
  { 30, 44, 58, 72, 86, 100, 114, 128, 142, 156, 268, 282, 296, 310, 324, 338, 352, 366, 380, 394, 414, 428, 442, 456, 470, 484, 498, 512, 526, 540, 554, 652, 666, 680, 694, 708, 722, 736, 750, 764, 778, 792 },
  { 16, 30, 44, 58, 72, 86, 100, 114, 128, 142, 156, 254, 268, 282, 296, 310, 324, 338, 352, 366, 380, 394, 414, 428, 442, 456, 470, 484, 498, 512, 526, 540, 554, 652, 666, 680, 694, 708, 722, 736, 750, 764, 778, 792 },
  { 16, 30, 44, 58, 72, 86, 100, 114, 128, 142, 156, 254, 268, 282, 296, 310, 324, 338, 352, 366, 380, 394, 414, 428, 442, 456, 470, 484, 498, 512, 526, 540, 554, 652, 666, 680, 694, 708, 722, 736, 750, 764, 778, 792 },
  { 30, 44, 58, 72, 86, 100, 114, 128, 142, 268, 282, 296, 310, 324, 338, 352, 366, 380, 428, 442, 456, 470, 484, 498, 512, 526, 540, 666, 680, 694, 708, 722, 736, 750, 764, 778 },
  { 30, 44, 58, 72, 86, 100, 114, 128, 142, 268, 282, 296, 310, 324, 338, 352, 366, 380, 428, 442, 456, 470, 484, 498, 512, 526, 540, 666, 680, 694, 708, 722, 736, 750, 764, 778 },
  { 16, 30, 58, 86, 114, 142, 254, 268, 296, 324, 352, 380, 414, 442, 470, 498, 526, 554, 652, 680, 708, 736, 764, 792 },
  { 16, 30, 58, 86, 114, 142, 254, 268, 296, 324, 352, 380, 414, 442, 470, 498, 526, 554, 652, 680, 708, 736, 764, 792 },
  { 30, 44, 58, 72, 86, 100, 114, 128, 142, 268, 282, 296, 310, 324, 338, 352, 366, 380, 428, 442, 456, 470, 484, 498, 512, 526, 540, 666, 680, 694, 708, 722, 736, 750, 764, 778 },
  { 30, 44, 58, 72, 86, 100, 114, 128, 142, 268, 282, 296, 310, 324, 338, 352, 366, 380, 428, 442, 456, 470, 484, 498, 512, 526, 540, 666, 680, 694, 708, 722, 736, 750, 764, 778 },
  { 16, 30, 44, 58, 72, 86, 100, 114, 128, 142, 156, 254, 268, 282, 296, 310, 324, 338, 352, 366, 380, 394, 414, 428, 442, 456, 470, 484, 498, 512, 526, 540, 554, 652, 666, 680, 694, 708, 722, 736, 750, 764, 778, 792 },
  { 16, 30, 44, 58, 72, 86, 100, 114, 128, 142, 156, 254, 268, 282, 296, 310, 324, 338, 352, 366, 380, 394, 414, 428, 442, 456, 470, 484, 498, 512, 526, 540, 554, 652, 666, 680, 694, 708, 722, 736, 750, 764, 778, 792 },
  { 16, 30, 44, 58, 72, 86, 100, 114, 128, 142, 156, 254, 268, 282, 296, 310, 324, 338, 352, 366, 380, 394, 414, 428, 442, 456, 470, 484, 498, 512, 526, 540, 554, 652, 666, 680, 694, 708, 722, 736, 750, 764, 778, 792 },
  { 16, 30, 44, 58, 72, 86, 100, 114, 128, 142, 156, 254, 268, 282, 296, 310, 324, 338, 352, 366, 380, 394, 414, 428, 442, 456, 470, 484, 498, 512, 526, 540, 554, 652, 666, 680, 694, 708, 722, 736, 750, 764, 778, 792 },
  { 142, 170, 240, 380, 408, 478 },
  { 142, 170, 240, 380, 408, 478 },
  { 16, 30, 44, 58, 72, 86, 100, 114, 128, 142, 156, 254, 268, 282, 296, 310, 324, 338, 352, 366, 380, 394, 414, 428, 442, 456, 470, 484, 498, 512, 526, 540, 554, 652, 666, 680, 694, 708, 722, 736, 750, 764, 778, 792 },
  { 16, 30, 44, 58, 72, 86, 100, 114, 128, 142, 156, 254, 268, 282, 296, 310, 324, 338, 352, 366, 380, 394, 414, 428, 442, 456, 470, 484, 498, 512, 526, 540, 554, 652, 666, 680, 694, 708, 722, 736, 750, 764, 778, 792 },
  { 16, 30, 44, 58, 72, 86, 100, 114, 128, 142, 156, 254, 268, 282, 296, 310, 324, 338, 352, 366, 380, 394, 414, 428, 442, 456, 470, 484, 498, 512, 526, 540, 554, 652, 666, 680, 694, 708, 722, 736, 750, 764, 778, 792 },
  { 16, 30, 44, 58, 72, 86, 100, 114, 128, 142, 156, 254, 268, 282, 296, 310, 324, 338, 352, 366, 380, 394, 414, 428, 442, 456, 470, 484, 498, 512, 526, 540, 554, 652, 666, 680, 694, 708, 722, 736, 750, 764, 778, 792 },
  { 16, 30, 44, 58, 72, 86, 100, 114, 128, 142, 156, 254, 268, 282, 296, 310, 324, 338, 352, 366, 380, 394, 414, 428, 442, 456, 470, 484, 498, 512, 526, 540, 554, 652, 666, 680, 694, 708, 722, 736, 750, 764, 778, 792 },
  { 16, 30, 44, 58, 72, 86, 100, 114, 128, 142, 156, 254, 268, 282, 296, 310, 324, 338, 352, 366, 380, 394, 414, 428, 442, 456, 470, 484, 498, 512, 526, 540, 554, 652, 666, 680, 694, 708, 722, 736, 750, 764, 778, 792 },
];

ctr = {
  < 1, 2, "=", 238 >,
  < 1, 38, ">", 7 >,
  < 1, 41, ">", 5 >,
  < 1, 46, ">", 7 >,
  < 1, 113, ">", 9 >,
  < 1, 198, ">", 46 >,
  < 1, 199, ">", 19 >,
  < 1, 200, ">", 21 >,
  < 2, 37, ">", 3 >,
  < 2, 41, ">", 32 >,
  < 2, 43, ">", 14 >,
  < 2, 44, ">", 47 >,
  < 2, 46, ">", 25 >,
  < 2, 73, ">", 46 >,
  < 2, 74, ">", 18 >,
  < 3, 4, "=", 238 >,
  < 3, 6, ">", 20 >,
  < 3, 7, ">", 55 >,
  < 3, 9, ">", 33 >,
  < 3, 10, ">", 34 >,
  < 3, 31, ">", 17 >,
  < 3, 36, ">", 10 >,
  < 3, 69, ">", 18 >,
  < 4, 8, ">", 10 >,
  < 4, 13, ">", 11 >,
  < 4, 14, ">", 8 >,
  < 4, 31, ">", 5 >,
  < 4, 35, ">", 15 >,
  < 4, 36, ">", 49 >,
  < 4, 61, ">", 14 >,
  < 4, 69, ">", 32 >,
  < 4, 70, ">", 6 >,
  < 5, 6, "=", 238 >,
  < 5, 8, ">", 31 >,
  < 5, 25, ">", 52 >,
  < 5, 26, ">", 48 >,
  < 6, 7, ">", 32 >,
  < 6, 8, ">", 45 >,
  < 6, 32, ">", 46 >,
  < 6, 62, ">", 18 >,
  < 6, 119, ">", 12 >,
  < 6, 120, ">", 43 >,
  < 7, 8, "=", 238 >,
  < 7, 25, ">", 34 >,
  < 7, 26, ">", 9 >,
  < 7, 35, ">", 52 >,
  < 7, 69, ">", 6 >,
  < 7, 70, ">", 32 >,
  < 8, 36, ">", 5 >,
  < 8, 69, ">", 1 >,
  < 8, 70, ">", 46 >,
  < 9, 10, "=", 238 >,
  < 9, 22, ">", 39 >,
  < 9, 27, ">", 45 >,
  < 9, 28, ">", 9 >,
  < 9, 86, ">", 21 >,
  < 9, 178, ">", 22 >,
  < 10, 63, ">", 37 >,
  < 10, 86, ">", 34 >,
  < 10, 113, ">", 15 >,
  < 10, 114, ">", 32 >,
  < 10, 177, ">", 46 >,
  < 10, 187, ">", 8 >,
  < 11, 12, "=", 238 >,
  < 11, 23, ">", 32 >,
  < 11, 24, ">", 11 >,
  < 11, 25, ">", 2 >,
  < 11, 26, ">", 12 >,
  < 11, 27, ">", 38 >,
  < 11, 28, ">", 25 >,
  < 11, 75, ">", 51 >,
  < 11, 76, ">", 26 >,
  < 11, 121, ">", 49 >,
  < 11, 122, ">", 36 >,
  < 11, 127, ">", 3 >,
  < 11, 128, ">", 1 >,
  < 11, 147, ">", 11 >,
  < 11, 148, ">", 16 >,
  < 11, 175, ">", 8 >,
  < 11, 176, ">", 42 >,
  < 12, 23, ">", 52 >,
  < 12, 24, ">", 36 >,
  < 12, 25, ">", 10 >,
  < 12, 26, ">", 2 >,
  < 12, 27, ">", 12 >,
  < 12, 28, ">", 46 >,
  < 12, 75, ">", 23 >,
  < 12, 76, ">", 16 >,
  < 12, 121, ">", 18 >,
  < 12, 122, ">", 38 >,
  < 12, 123, ">", 54 >,
  < 12, 124, ">", 3 >,
  < 12, 127, ">", 27 >,
  < 12, 128, ">", 1 >,
  < 12, 147, ">", 5 >,
  < 12, 148, ">", 6 >,
  < 12, 175, ">", 28 >,
  < 12, 176, ">", 8 >,
  < 13, 14, "=", 238 >,
  < 13, 15, ">", 18 >,
  < 13, 16, ">", 3 >,
  < 13, 31, ">", 29 >,
  < 13, 62, ">", 14 >,
  < 14, 55, ">", 9 >,
  < 14, 56, ">", 8 >,
  < 14, 69, ">", 40 >,
  < 14, 70, ">", 5 >,
  < 14, 84, ">", 23 >,
  < 15, 16, "=", 238 >,
  < 15, 33, ">", 47 >,
  < 15, 34, ">", 22 >,
  < 15, 38, ">", 1 >,
  < 15, 46, ">", 59 >,
  < 15, 74, ">", 2 >,
  < 15, 80, ">", 10 >,
  < 15, 113, ">", 4 >,
  < 16, 38, ">", 18 >,
  < 16, 41, ">", 16 >,
  < 16, 42, ">", 13 >,
  < 16, 79, ">", 13 >,
  < 16, 199, ">", 48 >,
  < 16, 200, ">", 7 >,
  < 17, 18, "=", 238 >,
  < 17, 21, ">", 17 >,
  < 17, 22, ">", 6 >,
  < 17, 49, ">", 45 >,
  < 17, 81, ">", 43 >,
  < 17, 94, ">", 45 >,
  < 17, 123, ">", 22 >,
  < 17, 125, ">", 34 >,
  < 17, 195, ">", 52 >,
  < 17, 196, ">", 21 >,
  < 18, 33, ">", 47 >,
  < 18, 34, ">", 79 >,
  < 18, 82, ">", 2 >,
  < 18, 126, ">", 13 >,
  < 18, 137, ">", 18 >,
  < 19, 20, "=", 238 >,
  < 19, 43, ">", 45 >,
  < 19, 44, ">", 5 >,
  < 19, 67, ">", 26 >,
  < 19, 68, ">", 1 >,
  < 19, 91, ">", 6 >,
  < 19, 92, ">", 3 >,
  < 19, 97, ">", 7 >,
  < 19, 98, ">", 38 >,
  < 19, 101, ">", 1 >,
  < 19, 102, ">", 6 >,
  < 19, 105, ">", 39 >,
  < 19, 106, ">", 44 >,
  < 19, 149, ">", 5 >,
  < 19, 150, ">", 36 >,
  < 19, 159, ">", 31 >,
  < 19, 160, ">", 44 >,
  < 19, 189, ">", 10 >,
  < 19, 190, ">", 46 >,
  < 20, 43, ">", 2 >,
  < 20, 44, ">", 23 >,
  < 20, 49, ">", 1 >,
  < 20, 50, ">", 11 >,
  < 20, 67, ">", 6 >,
  < 20, 68, ">", 29 >,
  < 20, 91, ">", 4 >,
  < 20, 92, ">", 1 >,
  < 20, 97, ">", 10 >,
  < 20, 98, ">", 14 >,
  < 20, 101, ">", 23 >,
  < 20, 102, ">", 6 >,
  < 20, 105, ">", 46 >,
  < 20, 106, ">", 40 >,
  < 20, 149, ">", 2 >,
  < 20, 150, ">", 6 >,
  < 20, 159, ">", 33 >,
  < 20, 160, ">", 49 >,
  < 21, 22, "=", 238 >,
  < 21, 55, ">", 12 >,
  < 21, 56, ">", 8 >,
  < 21, 63, ">", 39 >,
  < 21, 85, ">", 20 >,
  < 21, 120, ">", 33 >,
  < 21, 146, ">", 10 >,
  < 21, 190, ">", 21 >,
  < 22, 121, ">", 55 >,
  < 22, 122, ">", 16 >,
  < 22, 145, ">", 32 >,
  < 22, 146, ">", 4 >,
  < 22, 187, ">", 34 >,
  < 22, 188, ">", 20 >,
  < 23, 24, "=", 238 >,
  < 23, 25, ">", 42 >,
  < 23, 26, ">", 58 >,
  < 23, 27, ">", 39 >,
  < 23, 28, ">", 5 >,
  < 23, 75, ">", 22 >,
  < 23, 76, ">", 20 >,
  < 23, 121, ">", 4 >,
  < 23, 122, ">", 1 >,
  < 23, 127, ">", 25 >,
  < 23, 128, ">", 53 >,
  < 23, 145, ">", 10 >,
  < 23, 146, ">", 28 >,
  < 23, 147, ">", 12 >,
  < 23, 148, ">", 1 >,
  < 23, 175, ">", 12 >,
  < 23, 176, ">", 16 >,
  < 24, 25, ">", 44 >,
  < 24, 26, ">", 45 >,
  < 24, 27, ">", 3 >,
  < 24, 28, ">", 4 >,
  < 24, 75, ">", 8 >,
  < 24, 76, ">", 2 >,
  < 24, 121, ">", 15 >,
  < 24, 122, ">", 35 >,
  < 24, 127, ">", 25 >,
  < 24, 128, ">", 7 >,
  < 24, 147, ">", 1 >,
  < 24, 148, ">", 40 >,
  < 24, 175, ">", 1 >,
  < 24, 176, ">", 19 >,
  < 25, 26, "=", 238 >,
  < 25, 27, ">", 26 >,
  < 25, 28, ">", 4 >,
  < 25, 75, ">", 13 >,
  < 25, 76, ">", 16 >,
  < 25, 121, ">", 25 >,
  < 25, 122, ">", 14 >,
  < 25, 127, ">", 4 >,
  < 25, 128, ">", 60 >,
  < 25, 145, ">", 3 >,
  < 25, 146, ">", 40 >,
  < 25, 147, ">", 2 >,
  < 25, 148, ">", 39 >,
  < 25, 175, ">", 11 >,
  < 25, 176, ">", 14 >,
  < 26, 27, ">", 28 >,
  < 26, 28, ">", 24 >,
  < 26, 57, ">", 2 >,
  < 26, 58, ">", 1 >,
  < 26, 75, ">", 2 >,
  < 26, 76, ">", 13 >,
  < 26, 121, ">", 31 >,
  < 26, 122, ">", 4 >,
  < 26, 127, ">", 12 >,
  < 26, 128, ">", 9 >,
  < 26, 147, ">", 45 >,
  < 26, 148, ">", 34 >,
  < 26, 175, ">", 22 >,
  < 26, 176, ">", 1 >,
  < 27, 28, "=", 238 >,
  < 27, 75, ">", 10 >,
  < 27, 76, ">", 7 >,
  < 27, 121, ">", 28 >,
  < 27, 122, ">", 7 >,
  < 27, 127, ">", 22 >,
  < 27, 128, ">", 46 >,
  < 27, 147, ">", 7 >,
  < 27, 148, ">", 21 >,
  < 27, 175, ">", 30 >,
  < 27, 176, ">", 9 >,
  < 28, 75, ">", 23 >,
  < 28, 76, ">", 13 >,
  < 28, 121, ">", 11 >,
  < 28, 122, ">", 8 >,
  < 28, 127, ">", 7 >,
  < 28, 128, ">", 17 >,
  < 28, 147, ">", 2 >,
  < 28, 148, ">", 8 >,
  < 28, 175, ">", 10 >,
  < 28, 176, ">", 18 >,
  < 29, 30, "=", 238 >,
  < 29, 81, ">", 40 >,
  < 29, 83, ">", 24 >,
  < 29, 84, ">", 27 >,
  < 29, 125, ">", 4 >,
  < 29, 137, ">", 2 >,
  < 30, 91, ">", 1 >,
  < 30, 92, ">", 21 >,
  < 30, 138, ">", 7 >,
  < 30, 196, ">", 23 >,
  < 31, 32, "=", 238 >,
  < 31, 61, ">", 3 >,
  < 32, 61, ">", 6 >,
  < 32, 77, ">", 47 >,
  < 32, 78, ">", 2 >,
  < 33, 34, "=", 238 >,
  < 33, 72, ">", 19 >,
  < 33, 91, ">", 41 >,
  < 33, 92, ">", 17 >,
  < 33, 141, ">", 23 >,
  < 33, 142, ">", 10 >,
  < 33, 154, ">", 27 >,
  < 33, 172, ">", 30 >,
  < 34, 51, ">", 12 >,
  < 34, 52, ">", 14 >,
  < 34, 103, ">", 17 >,
  < 34, 108, ">", 32 >,
  < 34, 141, ">", 13 >,
  < 34, 154, ">", 25 >,
  < 35, 36, "=", 238 >,
  < 35, 195, ">", 18 >,
  < 35, 196, ">", 37 >,
  < 36, 62, ">", 49 >,
  < 36, 83, ">", 10 >,
  < 37, 38, "=", 238 >,
  < 37, 41, ">", 43 >,
  < 37, 57, ">", 19 >,
  < 37, 58, ">", 5 >,
  < 37, 80, ">", 36 >,
  < 37, 114, ">", 49 >,
  < 38, 41, ">", 1 >,
  < 38, 42, ">", 19 >,
  < 38, 114, ">", 23 >,
  < 38, 197, ">", 19 >,
  < 39, 40, "=", 238 >,
  < 39, 61, ">", 17 >,
  < 39, 62, ">", 17 >,
  < 39, 104, ">", 9 >,
  < 39, 107, ">", 21 >,
  < 39, 108, ">", 44 >,
  < 39, 172, ">", 23 >,
  < 40, 103, ">", 12 >,
  < 40, 107, ">", 5 >,
  < 40, 112, ">", 30 >,
  < 40, 171, ">", 4 >,
  < 41, 42, "=", 238 >,
  < 41, 113, ">", 6 >,
  < 42, 45, ">", 3 >,
  < 42, 74, ">", 5 >,
  < 42, 79, ">", 7 >,
  < 43, 44, "=", 238 >,
  < 43, 67, ">", 2 >,
  < 43, 68, ">", 5 >,
  < 43, 91, ">", 7 >,
  < 43, 92, ">", 43 >,
  < 43, 97, ">", 27 >,
  < 43, 98, ">", 30 >,
  < 43, 101, ">", 1 >,
  < 43, 102, ">", 5 >,
  < 43, 103, ">", 25 >,
  < 43, 104, ">", 37 >,
  < 43, 105, ">", 55 >,
  < 43, 106, ">", 51 >,
  < 43, 149, ">", 26 >,
  < 43, 150, ">", 19 >,
  < 43, 159, ">", 9 >,
  < 43, 160, ">", 22 >,
  < 44, 67, ">", 14 >,
  < 44, 68, ">", 12 >,
  < 44, 91, ">", 51 >,
  < 44, 92, ">", 46 >,
  < 44, 93, ">", 9 >,
  < 44, 94, ">", 1 >,
  < 44, 97, ">", 56 >,
  < 44, 98, ">", 14 >,
  < 44, 101, ">", 10 >,
  < 44, 102, ">", 46 >,
  < 44, 105, ">", 15 >,
  < 44, 106, ">", 24 >,
  < 44, 149, ">", 30 >,
  < 44, 150, ">", 37 >,
  < 44, 159, ">", 20 >,
  < 44, 160, ">", 21 >,
  < 45, 46, "=", 238 >,
  < 45, 79, ">", 8 >,
  < 45, 85, ">", 1 >,
  < 45, 86, ">", 32 >,
  < 46, 73, ">", 30 >,
  < 46, 101, ">", 55 >,
  < 46, 102, ">", 2 >,
  < 47, 48, "=", 238 >,
  < 47, 51, ">", 66 >,
  < 47, 66, ">", 2 >,
  < 47, 89, ">", 16 >,
  < 47, 100, ">", 31 >,
  < 47, 179, ">", 24 >,
  < 48, 51, ">", 18 >,
  < 48, 65, ">", 37 >,
  < 48, 90, ">", 1 >,
  < 48, 100, ">", 29 >,
  < 48, 157, ">", 4 >,
  < 48, 158, ">", 46 >,
  < 49, 50, "=", 238 >,
  < 49, 93, ">", 19 >,
  < 49, 123, ">", 48 >,
  < 49, 126, ">", 9 >,
  < 49, 133, ">", 20 >,
  < 49, 134, ">", 17 >,
  < 49, 196, ">", 37 >,
  < 50, 115, ">", 24 >,
  < 50, 116, ">", 22 >,
  < 50, 195, ">", 18 >,
  < 50, 196, ">", 1 >,
  < 51, 52, "=", 238 >,
  < 51, 54, ">", 2 >,
  < 51, 65, ">", 32 >,
  < 51, 155, ">", 56 >,
  < 51, 193, ">", 11 >,
  < 51, 194, ">", 16 >,
  < 52, 66, ">", 11 >,
  < 52, 117, ">", 13 >,
  < 52, 180, ">", 36 >,
  < 53, 54, "=", 238 >,
  < 53, 66, ">", 54 >,
  < 53, 100, ">", 10 >,
  < 53, 157, ">", 38 >,
  < 53, 158, ">", 6 >,
  < 53, 180, ">", 19 >,
  < 54, 65, ">", 40 >,
  < 54, 90, ">", 14 >,
  < 54, 97, ">", 35 >,
  < 54, 98, ">", 12 >,
  < 54, 99, ">", 2 >,
  < 54, 117, ">", 19 >,
  < 54, 118, ">", 34 >,
  < 54, 180, ">", 1 >,
  < 55, 56, "=", 238 >,
  < 55, 59, ">", 1 >,
  < 55, 60, ">", 7 >,
  < 55, 87, ">", 33 >,
  < 55, 88, ">", 31 >,
  < 55, 135, ">", 24 >,
  < 55, 136, ">", 5 >,
  < 55, 145, ">", 22 >,
  < 55, 146, ">", 34 >,
  < 55, 151, ">", 11 >,
  < 55, 152, ">", 29 >,
  < 55, 165, ">", 4 >,
  < 55, 166, ">", 22 >,
  < 55, 167, ">", 3 >,
  < 55, 168, ">", 34 >,
  < 55, 183, ">", 29 >,
  < 55, 184, ">", 25 >,
  < 55, 191, ">", 71 >,
  < 55, 192, ">", 10 >,
  < 56, 59, ">", 6 >,
  < 56, 60, ">", 3 >,
  < 56, 87, ">", 26 >,
  < 56, 88, ">", 13 >,
  < 56, 135, ">", 5 >,
  < 56, 136, ">", 1 >,
  < 56, 147, ">", 2 >,
  < 56, 148, ">", 10 >,
  < 56, 151, ">", 31 >,
  < 56, 152, ">", 13 >,
  < 56, 165, ">", 6 >,
  < 56, 166, ">", 12 >,
  < 56, 167, ">", 5 >,
  < 56, 168, ">", 7 >,
  < 56, 183, ">", 6 >,
  < 56, 184, ">", 36 >,
  < 56, 191, ">", 11 >,
  < 56, 192, ">", 2 >,
  < 57, 58, "=", 238 >,
  < 57, 110, ">", 21 >,
  < 57, 129, ">", 2 >,
  < 57, 143, ">", 11 >,
  < 57, 157, ">", 12 >,
  < 57, 167, ">", 13 >,
  < 57, 168, ">", 9 >,
  < 57, 173, ">", 24 >,
  < 58, 129, ">", 3 >,
  < 58, 130, ">", 52 >,
  < 58, 139, ">", 8 >,
  < 58, 143, ">", 19 >,
  < 58, 151, ">", 6 >,
  < 58, 152, ">", 2 >,
  < 58, 163, ">", 5 >,
  < 59, 60, "=", 238 >,
  < 59, 87, ">", 40 >,
  < 59, 88, ">", 8 >,
  < 59, 135, ">", 6 >,
  < 59, 136, ">", 29 >,
  < 59, 151, ">", 22 >,
  < 59, 152, ">", 6 >,
  < 59, 161, ">", 2 >,
  < 59, 162, ">", 1 >,
  < 59, 165, ">", 2 >,
  < 59, 166, ">", 3 >,
  < 59, 167, ">", 15 >,
  < 59, 168, ">", 53 >,
  < 59, 183, ">", 12 >,
  < 59, 184, ">", 9 >,
  < 59, 191, ">", 11 >,
  < 59, 192, ">", 17 >,
  < 60, 87, ">", 76 >,
  < 60, 88, ">", 44 >,
  < 60, 135, ">", 50 >,
  < 60, 136, ">", 5 >,
  < 60, 145, ">", 47 >,
  < 60, 146, ">", 22 >,
  < 60, 151, ">", 20 >,
  < 60, 152, ">", 28 >,
  < 60, 165, ">", 7 >,
  < 60, 166, ">", 12 >,
  < 60, 167, ">", 2 >,
  < 60, 168, ">", 12 >,
  < 60, 183, ">", 33 >,
  < 60, 184, ">", 2 >,
  < 60, 191, ">", 10 >,
  < 60, 192, ">", 37 >,
  < 61, 62, "=", 238 >,
  < 61, 75, ">", 8 >,
  < 61, 76, ">", 33 >,
  < 63, 64, "=", 238 >,
  < 63, 65, ">", 41 >,
  < 63, 66, ">", 9 >,
  < 63, 85, ">", 6 >,
  < 63, 86, ">", 35 >,
  < 63, 119, ">", 7 >,
  < 65, 66, "=", 238 >,
  < 65, 67, ">", 38 >,
  < 65, 68, ">", 27 >,
  < 65, 89, ">", 6 >,
  < 65, 180, ">", 12 >,
  < 66, 183, ">", 4 >,
  < 66, 184, ">", 7 >,
  < 67, 68, "=", 238 >,
  < 67, 91, ">", 2 >,
  < 67, 92, ">", 6 >,
  < 67, 97, ">", 5 >,
  < 67, 98, ">", 34 >,
  < 67, 99, ">", 10 >,
  < 67, 100, ">", 14 >,
  < 67, 101, ">", 10 >,
  < 67, 102, ">", 6 >,
  < 67, 105, ">", 23 >,
  < 67, 106, ">", 42 >,
  < 67, 149, ">", 27 >,
  < 67, 150, ">", 24 >,
  < 67, 159, ">", 6 >,
  < 67, 160, ">", 1 >,
  < 68, 91, ">", 26 >,
  < 68, 92, ">", 48 >,
  < 68, 97, ">", 56 >,
  < 68, 98, ">", 18 >,
  < 68, 101, ">", 1 >,
  < 68, 102, ">", 3 >,
  < 68, 105, ">", 33 >,
  < 68, 106, ">", 18 >,
  < 68, 149, ">", 5 >,
  < 68, 150, ">", 14 >,
  < 68, 159, ">", 1 >,
  < 68, 160, ">", 4 >,
  < 69, 70, "=", 238 >,
  < 69, 83, ">", 9 >,
  < 71, 72, "=", 238 >,
  < 71, 107, ">", 2 >,
  < 71, 111, ">", 21 >,
  < 71, 142, ">", 15 >,
  < 71, 153, ">", 41 >,
  < 71, 157, ">", 31 >,
  < 71, 158, ">", 56 >,
  < 71, 171, ">", 4 >,
  < 72, 111, ">", 21 >,
  < 72, 141, ">", 2 >,
  < 72, 171, ">", 26 >,
  < 72, 187, ">", 46 >,
  < 72, 188, ">", 1 >,
  < 73, 74, "=", 238 >,
  < 73, 79, ">", 25 >,
  < 74, 95, ">", 13 >,
  < 74, 96, ">", 4 >,
  < 75, 76, "=", 238 >,
  < 75, 121, ">", 9 >,
  < 75, 122, ">", 20 >,
  < 75, 127, ">", 14 >,
  < 75, 128, ">", 2 >,
  < 75, 147, ">", 2 >,
  < 75, 148, ">", 12 >,
  < 75, 163, ">", 15 >,
  < 75, 164, ">", 3 >,
  < 75, 175, ">", 5 >,
  < 75, 176, ">", 9 >,
  < 76, 121, ">", 17 >,
  < 76, 122, ">", 25 >,
  < 76, 127, ">", 20 >,
  < 76, 128, ">", 20 >,
  < 76, 147, ">", 1 >,
  < 76, 148, ">", 11 >,
  < 76, 175, ">", 5 >,
  < 76, 176, ">", 16 >,
  < 77, 78, "=", 238 >,
  < 77, 95, ">", 12 >,
  < 77, 96, ">", 28 >,
  < 77, 115, ">", 10 >,
  < 77, 116, ">", 12 >,
  < 77, 119, ">", 9 >,
  < 77, 120, ">", 9 >,
  < 77, 133, ">", 12 >,
  < 77, 134, ">", 51 >,
  < 77, 161, ">", 28 >,
  < 77, 162, ">", 6 >,
  < 77, 169, ">", 10 >,
  < 77, 170, ">", 12 >,
  < 77, 181, ">", 13 >,
  < 77, 182, ">", 9 >,
  < 77, 185, ">", 37 >,
  < 77, 186, ">", 31 >,
  < 77, 193, ">", 36 >,
  < 77, 194, ">", 2 >,
  < 78, 95, ">", 14 >,
  < 78, 96, ">", 34 >,
  < 78, 115, ">", 37 >,
  < 78, 116, ">", 38 >,
  < 78, 133, ">", 9 >,
  < 78, 134, ">", 43 >,
  < 78, 161, ">", 14 >,
  < 78, 162, ">", 44 >,
  < 78, 169, ">", 9 >,
  < 78, 170, ">", 2 >,
  < 78, 181, ">", 7 >,
  < 78, 182, ">", 9 >,
  < 78, 183, ">", 33 >,
  < 78, 184, ">", 13 >,
  < 78, 185, ">", 6 >,
  < 78, 186, ">", 37 >,
  < 78, 193, ">", 5 >,
  < 78, 194, ">", 19 >,
  < 79, 80, "=", 238 >,
  < 79, 197, ">", 1 >,
  < 79, 199, ">", 52 >,
  < 79, 200, ">", 1 >,
  < 80, 197, ">", 2 >,
  < 80, 198, ">", 7 >,
  < 81, 82, "=", 238 >,
  < 81, 135, ">", 26 >,
  < 81, 136, ">", 10 >,
  < 81, 196, ">", 1 >,
  < 82, 93, ">", 1 >,
  < 83, 84, "=", 238 >,
  < 84, 185, ">", 51 >,
  < 84, 186, ">", 6 >,
  < 85, 86, "=", 238 >,
  < 85, 119, ">", 16 >,
  < 85, 120, ">", 47 >,
  < 85, 157, ">", 23 >,
  < 85, 158, ">", 20 >,
  < 85, 187, ">", 5 >,
  < 85, 190, ">", 5 >,
  < 86, 145, ">", 18 >,
  < 86, 151, ">", 30 >,
  < 86, 152, ">", 8 >,
  < 86, 188, ">", 11 >,
  < 87, 88, "=", 238 >,
  < 87, 135, ">", 42 >,
  < 87, 136, ">", 51 >,
  < 87, 151, ">", 3 >,
  < 87, 152, ">", 49 >,
  < 87, 165, ">", 56 >,
  < 87, 166, ">", 26 >,
  < 87, 167, ">", 40 >,
  < 87, 168, ">", 8 >,
  < 87, 183, ">", 13 >,
  < 87, 184, ">", 26 >,
  < 87, 191, ">", 6 >,
  < 87, 192, ">", 54 >,
  < 88, 135, ">", 22 >,
  < 88, 136, ">", 5 >,
  < 88, 151, ">", 51 >,
  < 88, 152, ">", 2 >,
  < 88, 159, ">", 2 >,
  < 88, 160, ">", 10 >,
  < 88, 165, ">", 20 >,
  < 88, 166, ">", 33 >,
  < 88, 167, ">", 52 >,
  < 88, 168, ">", 21 >,
  < 88, 183, ">", 4 >,
  < 88, 184, ">", 5 >,
  < 88, 191, ">", 29 >,
  < 88, 192, ">", 20 >,
  < 89, 90, "=", 238 >,
  < 89, 100, ">", 56 >,
  < 89, 180, ">", 12 >,
  < 90, 117, ">", 2 >,
  < 90, 118, ">", 50 >,
  < 91, 92, "=", 238 >,
  < 91, 97, ">", 79 >,
  < 91, 98, ">", 6 >,
  < 91, 101, ">", 19 >,
  < 91, 102, ">", 52 >,
  < 91, 105, ">", 10 >,
  < 91, 106, ">", 21 >,
  < 91, 149, ">", 8 >,
  < 91, 150, ">", 17 >,
  < 91, 159, ">", 27 >,
  < 91, 160, ">", 7 >,
  < 92, 97, ">", 4 >,
  < 92, 98, ">", 42 >,
  < 92, 101, ">", 16 >,
  < 92, 102, ">", 4 >,
  < 92, 105, ">", 8 >,
  < 92, 106, ">", 8 >,
  < 92, 149, ">", 9 >,
  < 92, 150, ">", 32 >,
  < 92, 159, ">", 35 >,
  < 92, 160, ">", 7 >,
  < 93, 94, "=", 238 >,
  < 93, 137, ">", 12 >,
  < 93, 196, ">", 35 >,
  < 94, 123, ">", 2 >,
  < 95, 96, "=", 238 >,
  < 95, 109, ">", 17 >,
  < 95, 110, ">", 11 >,
  < 95, 115, ">", 39 >,
  < 95, 116, ">", 21 >,
  < 95, 133, ">", 9 >,
  < 95, 134, ">", 36 >,
  < 95, 161, ">", 40 >,
  < 95, 162, ">", 5 >,
  < 95, 169, ">", 7 >,
  < 95, 170, ">", 27 >,
  < 95, 181, ">", 3 >,
  < 95, 182, ">", 71 >,
  < 95, 185, ">", 21 >,
  < 95, 186, ">", 27 >,
  < 95, 193, ">", 48 >,
  < 95, 194, ">", 16 >,
  < 96, 115, ">", 10 >,
  < 96, 116, ">", 12 >,
  < 96, 133, ">", 25 >,
  < 96, 134, ">", 7 >,
  < 96, 161, ">", 12 >,
  < 96, 162, ">", 9 >,
  < 96, 169, ">", 8 >,
  < 96, 170, ">", 4 >,
  < 96, 181, ">", 2 >,
  < 96, 182, ">", 9 >,
  < 96, 185, ">", 8 >,
  < 96, 186, ">", 24 >,
  < 96, 187, ">", 6 >,
  < 96, 188, ">", 8 >,
  < 96, 193, ">", 51 >,
  < 96, 194, ">", 24 >,
  < 97, 98, "=", 238 >,
  < 97, 101, ">", 12 >,
  < 97, 102, ">", 19 >,
  < 97, 105, ">", 14 >,
  < 97, 106, ">", 12 >,
  < 97, 149, ">", 16 >,
  < 97, 150, ">", 4 >,
  < 97, 159, ">", 1 >,
  < 97, 160, ">", 33 >,
  < 98, 101, ">", 25 >,
  < 98, 102, ">", 15 >,
  < 98, 105, ">", 12 >,
  < 98, 106, ">", 2 >,
  < 98, 149, ">", 8 >,
  < 98, 150, ">", 26 >,
  < 98, 159, ">", 24 >,
  < 98, 160, ">", 2 >,
  < 99, 100, "=", 238 >,
  < 99, 118, ">", 8 >,
  < 99, 155, ">", 9 >,
  < 99, 156, ">", 7 >,
  < 99, 179, ">", 19 >,
  < 99, 180, ">", 12 >,
  < 100, 155, ">", 25 >,
  < 100, 193, ">", 14 >,
  < 100, 194, ">", 47 >,
  < 101, 102, "=", 238 >,
  < 101, 105, ">", 17 >,
  < 101, 106, ">", 7 >,
  < 101, 149, ">", 20 >,
  < 101, 150, ">", 1 >,
  < 101, 159, ">", 8 >,
  < 101, 160, ">", 3 >,
  < 102, 105, ">", 2 >,
  < 102, 106, ">", 1 >,
  < 102, 149, ">", 51 >,
  < 102, 150, ">", 28 >,
  < 102, 159, ">", 16 >,
  < 102, 160, ">", 21 >,
  < 102, 169, ">", 36 >,
  < 102, 170, ">", 24 >,
  < 103, 104, "=", 238 >,
  < 103, 145, ">", 6 >,
  < 103, 146, ">", 18 >,
  < 103, 153, ">", 27 >,
  < 103, 172, ">", 9 >,
  < 104, 107, ">", 4 >,
  < 104, 111, ">", 7 >,
  < 104, 143, ">", 56 >,
  < 104, 144, ">", 20 >,
  < 105, 106, "=", 238 >,
  < 105, 149, ">", 9 >,
  < 105, 150, ">", 2 >,
  < 105, 159, ">", 50 >,
  < 105, 160, ">", 39 >,
  < 106, 149, ">", 42 >,
  < 106, 150, ">", 24 >,
  < 106, 159, ">", 7 >,
  < 106, 160, ">", 41 >,
  < 107, 108, "=", 238 >,
  < 107, 112, ">", 6 >,
  < 107, 145, ">", 17 >,
  < 107, 146, ">", 1 >,
  < 107, 172, ">", 36 >,
  < 108, 111, ">", 16 >,
  < 108, 112, ">", 33 >,
  < 108, 142, ">", 3 >,
  < 109, 110, "=", 238 >,
  < 109, 144, ">", 8 >,
  < 109, 183, ">", 27 >,
  < 109, 184, ">", 11 >,
  < 110, 132, ">", 2 >,
  < 110, 143, ">", 6 >,
  < 111, 112, "=", 238 >,
  < 111, 141, ">", 48 >,
  < 111, 153, ">", 4 >,
  < 111, 171, ">", 6 >,
  < 112, 142, ">", 50 >,
  < 113, 114, "=", 238 >,
  < 115, 116, "=", 238 >,
  < 115, 133, ">", 33 >,
  < 115, 134, ">", 3 >,
  < 115, 161, ">", 31 >,
  < 115, 162, ">", 8 >,
  < 115, 163, ">", 39 >,
  < 115, 164, ">", 46 >,
  < 115, 169, ">", 12 >,
  < 115, 170, ">", 23 >,
  < 115, 181, ">", 45 >,
  < 115, 182, ">", 8 >,
  < 115, 185, ">", 6 >,
  < 115, 186, ">", 6 >,
  < 115, 193, ">", 8 >,
  < 115, 194, ">", 15 >,
  < 116, 133, ">", 4 >,
  < 116, 134, ">", 54 >,
  < 116, 145, ">", 2 >,
  < 116, 146, ">", 4 >,
  < 116, 161, ">", 13 >,
  < 116, 162, ">", 56 >,
  < 116, 169, ">", 16 >,
  < 116, 170, ">", 3 >,
  < 116, 181, ">", 10 >,
  < 116, 182, ">", 11 >,
  < 116, 185, ">", 8 >,
  < 116, 186, ">", 35 >,
  < 116, 193, ">", 4 >,
  < 116, 194, ">", 28 >,
  < 117, 118, "=", 238 >,
  < 117, 156, ">", 19 >,
  < 117, 180, ">", 23 >,
  < 119, 120, "=", 238 >,
  < 119, 177, ">", 8 >,
  < 119, 187, ">", 17 >,
  < 119, 190, ">", 16 >,
  < 120, 145, ">", 6 >,
  < 121, 122, "=", 238 >,
  < 121, 125, ">", 10 >,
  < 121, 126, ">", 48 >,
  < 121, 127, ">", 5 >,
  < 121, 128, ">", 25 >,
  < 121, 147, ">", 28 >,
  < 121, 148, ">", 24 >,
  < 121, 175, ">", 14 >,
  < 121, 176, ">", 3 >,
  < 122, 127, ">", 4 >,
  < 122, 128, ">", 16 >,
  < 122, 147, ">", 33 >,
  < 122, 148, ">", 41 >,
  < 122, 175, ">", 24 >,
  < 122, 176, ">", 1 >,
  < 123, 124, "=", 238 >,
  < 123, 137, ">", 11 >,
  < 123, 138, ">", 50 >,
  < 123, 196, ">", 2 >,
  < 124, 133, ">", 12 >,
  < 124, 134, ">", 48 >,
  < 124, 137, ">", 31 >,
  < 124, 195, ">", 3 >,
  < 125, 126, "=", 238 >,
  < 125, 195, ">", 4 >,
  < 126, 137, ">", 18 >,
  < 127, 128, "=", 238 >,
  < 127, 133, ">", 22 >,
  < 127, 134, ">", 5 >,
  < 127, 147, ">", 32 >,
  < 127, 148, ">", 19 >,
  < 127, 175, ">", 25 >,
  < 127, 176, ">", 9 >,
  < 128, 147, ">", 6 >,
  < 128, 148, ">", 10 >,
  < 128, 175, ">", 9 >,
  < 128, 176, ">", 10 >,
  < 129, 130, "=", 238 >,
  < 129, 131, ">", 13 >,
  < 129, 132, ">", 31 >,
  < 129, 144, ">", 48 >,
  < 129, 157, ">", 48 >,
  < 130, 132, ">", 1 >,
  < 130, 140, ">", 11 >,
  < 130, 143, ">", 1 >,
  < 130, 144, ">", 10 >,
  < 130, 145, ">", 35 >,
  < 130, 146, ">", 3 >,
  < 130, 164, ">", 23 >,
  < 131, 132, "=", 238 >,
  < 131, 140, ">", 33 >,
  < 132, 165, ">", 33 >,
  < 132, 166, ">", 32 >,
  < 133, 134, "=", 238 >,
  < 133, 161, ">", 27 >,
  < 133, 162, ">", 44 >,
  < 133, 163, ">", 33 >,
  < 133, 164, ">", 31 >,
  < 133, 169, ">", 19 >,
  < 133, 170, ">", 2 >,
  < 133, 181, ">", 7 >,
  < 133, 182, ">", 25 >,
  < 133, 185, ">", 4 >,
  < 133, 186, ">", 40 >,
  < 133, 193, ">", 10 >,
  < 133, 194, ">", 13 >,
  < 134, 161, ">", 7 >,
  < 134, 162, ">", 16 >,
  < 134, 169, ">", 16 >,
  < 134, 170, ">", 4 >,
  < 134, 181, ">", 39 >,
  < 134, 182, ">", 28 >,
  < 134, 185, ">", 16 >,
  < 134, 186, ">", 39 >,
  < 134, 193, ">", 9 >,
  < 134, 194, ">", 26 >,
  < 135, 136, "=", 238 >,
  < 135, 151, ">", 6 >,
  < 135, 152, ">", 21 >,
  < 135, 157, ">", 30 >,
  < 135, 158, ">", 1 >,
  < 135, 165, ">", 20 >,
  < 135, 166, ">", 8 >,
  < 135, 167, ">", 36 >,
  < 135, 168, ">", 24 >,
  < 135, 183, ">", 22 >,
  < 135, 184, ">", 32 >,
  < 135, 191, ">", 1 >,
  < 135, 192, ">", 9 >,
  < 136, 151, ">", 16 >,
  < 136, 152, ">", 11 >,
  < 136, 165, ">", 36 >,
  < 136, 166, ">", 11 >,
  < 136, 167, ">", 8 >,
  < 136, 168, ">", 15 >,
  < 136, 183, ">", 1 >,
  < 136, 184, ">", 5 >,
  < 136, 191, ">", 4 >,
  < 136, 192, ">", 3 >,
  < 137, 138, "=", 238 >,
  < 138, 197, ">", 18 >,
  < 138, 198, ">", 21 >,
  < 139, 140, "=", 238 >,
  < 140, 143, ">", 35 >,
  < 140, 158, ">", 23 >,
  < 140, 174, ">", 32 >,
  < 141, 142, "=", 238 >,
  < 141, 153, ">", 50 >,
  < 142, 171, ">", 33 >,
  < 142, 172, ">", 41 >,
  < 143, 144, "=", 238 >,
  < 143, 159, ">", 23 >,
  < 143, 160, ">", 56 >,
  < 143, 163, ">", 18 >,
  < 144, 173, ">", 69 >,
  < 145, 146, "=", 238 >,
  < 145, 188, ">", 2 >,
  < 145, 189, ">", 4 >,
  < 146, 187, ">", 50 >,
  < 146, 190, ">", 3 >,
  < 147, 148, "=", 238 >,
  < 147, 161, ">", 5 >,
  < 147, 162, ">", 22 >,
  < 147, 175, ">", 10 >,
  < 147, 176, ">", 3 >,
  < 148, 175, ">", 1 >,
  < 148, 176, ">", 45 >,
  < 149, 150, "=", 238 >,
  < 149, 159, ">", 33 >,
  < 149, 160, ">", 5 >,
  < 150, 159, ">", 22 >,
  < 150, 160, ">", 50 >,
  < 151, 152, "=", 238 >,
  < 151, 165, ">", 14 >,
  < 151, 166, ">", 7 >,
  < 151, 167, ">", 1 >,
  < 151, 168, ">", 53 >,
  < 151, 183, ">", 13 >,
  < 151, 184, ">", 18 >,
  < 151, 191, ">", 41 >,
  < 151, 192, ">", 2 >,
  < 151, 197, ">", 8 >,
  < 151, 198, ">", 6 >,
  < 152, 165, ">", 16 >,
  < 152, 166, ">", 46 >,
  < 152, 167, ">", 11 >,
  < 152, 168, ">", 39 >,
  < 152, 173, ">", 18 >,
  < 152, 174, ">", 5 >,
  < 152, 183, ">", 1 >,
  < 152, 184, ">", 55 >,
  < 152, 191, ">", 27 >,
  < 152, 192, ">", 46 >,
  < 153, 154, "=", 238 >,
  < 154, 175, ">", 40 >,
  < 154, 176, ">", 9 >,
  < 155, 156, "=", 238 >,
  < 156, 180, ">", 37 >,
  < 156, 181, ">", 16 >,
  < 156, 182, ">", 7 >,
  < 157, 158, "=", 238 >,
  < 158, 173, ">", 2 >,
  < 158, 191, ">", 3 >,
  < 158, 192, ">", 11 >,
  < 159, 160, "=", 238 >,
  < 159, 169, ">", 12 >,
  < 159, 170, ">", 43 >,
  < 160, 163, ">", 2 >,
  < 160, 164, ">", 18 >,
  < 161, 162, "=", 238 >,
  < 161, 167, ">", 19 >,
  < 161, 168, ">", 1 >,
  < 161, 169, ">", 14 >,
  < 161, 170, ">", 10 >,
  < 161, 181, ">", 37 >,
  < 161, 182, ">", 17 >,
  < 161, 185, ">", 4 >,
  < 161, 186, ">", 50 >,
  < 161, 193, ">", 8 >,
  < 161, 194, ">", 18 >,
  < 162, 169, ">", 35 >,
  < 162, 170, ">", 6 >,
  < 162, 173, ">", 27 >,
  < 162, 174, ">", 39 >,
  < 162, 181, ">", 27 >,
  < 162, 182, ">", 20 >,
  < 162, 185, ">", 33 >,
  < 162, 186, ">", 36 >,
  < 162, 193, ">", 10 >,
  < 162, 194, ">", 7 >,
  < 163, 164, "=", 238 >,
  < 164, 174, ">", 34 >,
  < 164, 183, ">", 1 >,
  < 164, 184, ">", 22 >,
  < 165, 166, "=", 238 >,
  < 165, 167, ">", 2 >,
  < 165, 168, ">", 25 >,
  < 165, 183, ">", 29 >,
  < 165, 184, ">", 27 >,
  < 165, 191, ">", 34 >,
  < 165, 192, ">", 4 >,
  < 166, 167, ">", 4 >,
  < 166, 168, ">", 5 >,
  < 166, 183, ">", 6 >,
  < 166, 184, ">", 23 >,
  < 166, 191, ">", 14 >,
  < 166, 192, ">", 19 >,
  < 167, 168, "=", 238 >,
  < 167, 183, ">", 22 >,
  < 167, 184, ">", 27 >,
  < 167, 191, ">", 3 >,
  < 167, 192, ">", 8 >,
  < 168, 183, ">", 18 >,
  < 168, 184, ">", 1 >,
  < 168, 191, ">", 19 >,
  < 168, 192, ">", 43 >,
  < 169, 170, "=", 238 >,
  < 169, 181, ">", 7 >,
  < 169, 182, ">", 20 >,
  < 169, 185, ">", 19 >,
  < 169, 186, ">", 23 >,
  < 169, 193, ">", 45 >,
  < 169, 194, ">", 38 >,
  < 170, 181, ">", 2 >,
  < 170, 182, ">", 20 >,
  < 170, 185, ">", 3 >,
  < 170, 186, ">", 46 >,
  < 170, 191, ">", 20 >,
  < 170, 192, ">", 1 >,
  < 170, 193, ">", 41 >,
  < 170, 194, ">", 55 >,
  < 171, 172, "=", 238 >,
  < 172, 175, ">", 19 >,
  < 172, 176, ">", 38 >,
  < 173, 174, "=", 238 >,
  < 174, 179, ">", 17 >,
  < 174, 180, ">", 17 >,
  < 175, 176, "=", 238 >,
  < 176, 195, ">", 17 >,
  < 176, 196, ">", 50 >,
  < 177, 178, "=", 238 >,
  < 178, 189, ">", 7 >,
  < 179, 180, "=", 238 >,
  < 180, 187, ">", 54 >,
  < 180, 188, ">", 13 >,
  < 181, 182, "=", 238 >,
  < 181, 183, ">", 8 >,
  < 181, 184, ">", 21 >,
  < 181, 185, ">", 35 >,
  < 181, 186, ">", 13 >,
  < 181, 193, ">", 36 >,
  < 181, 194, ">", 6 >,
  < 182, 185, ">", 32 >,
  < 182, 186, ">", 19 >,
  < 182, 187, ">", 34 >,
  < 182, 188, ">", 18 >,
  < 182, 193, ">", 20 >,
  < 182, 194, ">", 49 >,
  < 183, 184, "=", 238 >,
  < 183, 191, ">", 1 >,
  < 183, 192, ">", 5 >,
  < 184, 191, ">", 5 >,
  < 184, 192, ">", 25 >,
  < 185, 186, "=", 238 >,
  < 185, 193, ">", 16 >,
  < 185, 194, ">", 1 >,
  < 186, 193, ">", 10 >,
  < 186, 194, ">", 7 >,
  < 186, 195, ">", 21 >,
  < 186, 196, ">", 35 >,
  < 187, 188, "=", 238 >,
  < 189, 190, "=", 238 >,
  < 190, 195, ">", 6 >,
  < 190, 196, ">", 4 >,
  < 191, 192, "=", 238 >,
  < 192, 195, ">", 2 >,
  < 192, 196, ">", 34 >,
  < 193, 194, "=", 238 >,
  < 194, 197, ">", 3 >,
  < 194, 198, ">", 3 >,
  < 195, 196, "=", 238 >,
  < 196, 197, ">", 16 >,
  < 196, 198, ">", 8 >,
  < 197, 198, "=", 238 >,
  < 199, 200, "=", 238 >,
};
